73 1
71 1
68 1
67 1
72 1
75 1
66 1
69 1
69 1
70 1
70 1
68 1
73 1
70 1
74 1
67 1
70 1
74 1
67 1
70 1
75 1
73 1
69 1
70 1
72 1
70 1
76 1
72 1
74 1
70 1
71 1
67 1
71 1
76 1
76 1
75 1
69 1
73 1
76 1
73 1
72 1
70 1
74 1
74 1
70 1
72 1
77 1
68 1
75 1
71 1
62 0
67 0
63 0
61 0
66 0
64 0
63 0
65 0
65 0
64 0
67 0
67 0
69 0
63 0
62 0
69 0
68 0
69 0
63 0
66 0
62 0
60 0
68 0
65 0
66 0
67 0
65 0
60 0
65 0
64 0
62 0
66 0
64 0
65 0
65 0
62 0
64 0
63 0
63 0
66 0
62 0
60 0
66 0
67 0
65 0
60 0
60 0
64 0
66 0
62 0